(0,0):(12.0,12.0)
(-1,0):(0.0,12.0)
(-2,0):(-15.0,12.0)
(-3,0):(-27.0,12.0)
(-4,0):(-42.0,12.0)
(-5,0):(-54.0,12.0)
(-6,0):(-69.0,12.0)
(-7,0):(-81.0,12.0)
(-8,0):(-96.0,12.0)
(-9,0):(-108.0,12.0)
(-9,-1):(-108.0,0.0)
(-9,-2):(-108.0,-15.0)
(-9,-3):(-108.0,-27.0)
(-8,-3):(-96.0,-27.0)
(-8,-4):(-96.0,-39.0)
(-8,-5):(-96.0,-54.0)
(-7,-5):(-81.0,-54.0)
(-7,-6):(-81.0,-66.0)
(-7,-7):(-81.0,-78.0)
(-6,-7):(-69.0,-78.0)
(-5,-7):(-54.0,-78.0)
(-5,-8):(-54.0,-93.0)
(-4,-8):(-42.0,-93.0)
(-3,-8):(-27.0,-93.0)
(-3,-9):(-27.0,-105.0)
(-2,-9):(-15.0,-105.0)
(-1,-9):(0.0,-105.0)
(0,-9):(12.0,-105.0)
(1,-9):(27.0,-105.0)
(1,-8):(27.0,-93.0)
(0,-8):(12.0,-93.0)
(-1,-8):(0.0,-93.0)
(-2,-8):(-15.0,-93.0)
(-2,-7):(-15.0,-78.0)
(-3,-7):(-27.0,-78.0)
(-4,-7):(-42.0,-78.0)
(-4,-6):(-42.0,-66.0)
(-5,-6):(-54.0,-66.0)
(-6,-6):(-69.0,-66.0)
(-6,-5):(-69.0,-54.0)
(-5,-5):(-54.0,-54.0)
(-4,-5):(-42.0,-54.0)
(-3,-5):(-27.0,-54.0)
(-3,-6):(-27.0,-66.0)
(-2,-6):(-15.0,-66.0)
(-1,-6):(0.0,-66.0)
(-1,-7):(0.0,-78.0)
(0,-7):(12.0,-78.0)
(1,-7):(27.0,-78.0)
(2,-7):(39.0,-78.0)
(2,-8):(39.0,-93.0)
(3,-8):(54.0,-93.0)
(3,-7):(54.0,-78.0)
(4,-7):(66.0,-78.0)
(4,-6):(66.0,-66.0)
(3,-6):(54.0,-66.0)
(2,-6):(39.0,-66.0)
(1,-6):(27.0,-66.0)
(0,-6):(12.0,-66.0)
(0,-5):(12.0,-54.0)
(-1,-5):(0.0,-54.0)
(-2,-5):(-15.0,-54.0)
(-2,-4):(-15.0,-39.0)
(-3,-4):(-27.0,-39.0)
(-4,-4):(-42.0,-39.0)
(-5,-4):(-54.0,-39.0)
(-6,-4):(-69.0,-39.0)
(-7,-4):(-81.0,-39.0)
(-7,-3):(-81.0,-27.0)
(-6,-3):(-69.0,-27.0)
(-5,-3):(-54.0,-27.0)
(-4,-3):(-42.0,-27.0)
(-3,-3):(-27.0,-27.0)
(-2,-3):(-15.0,-27.0)
(-1,-3):(0.0,-27.0)
(-1,-4):(0.0,-39.0)
(0,-4):(12.0,-39.0)
(1,-4):(27.0,-39.0)
(1,-5):(27.0,-54.0)
(2,-5):(39.0,-54.0)
(3,-5):(54.0,-54.0)
(4,-5):(66.0,-54.0)
(5,-5):(81.0,-54.0)
(5,-6):(81.0,-66.0)
(5,-4):(81.0,-39.0)
(4,-4):(66.0,-39.0)
(3,-4):(54.0,-39.0)
(2,-4):(39.0,-39.0)
(2,-3):(39.0,-27.0)
(1,-3):(27.0,-27.0)
(0,-3):(12.0,-27.0)
(0,-2):(12.0,-15.0)
(-1,-2):(0.0,-15.0)
(-2,-2):(-15.0,-15.0)
(-3,-2):(-27.0,-15.0)
(-4,-2):(-42.0,-15.0)
(-5,-2):(-54.0,-15.0)
(-6,-2):(-69.0,-15.0)
(-7,-2):(-81.0,-15.0)
(-8,-2):(-96.0,-15.0)
(-8,-1):(-96.0,0.0)
(-7,-1):(-81.0,0.0)
(-6,-1):(-69.0,0.0)
(-5,-1):(-54.0,0.0)
(-4,-1):(-42.0,0.0)
(-3,-1):(-27.0,0.0)
(-2,-1):(-15.0,0.0)
(-1,-1):(0.0,0.0)
(0,-1):(12.0,0.0)
(1,-1):(27.0,0.0)
(1,-2):(27.0,-15.0)
(2,-2):(39.0,-15.0)
(3,-2):(54.0,-15.0)
(3,-3):(54.0,-27.0)
(4,-3):(66.0,-27.0)
(5,-3):(81.0,-27.0)
(6,-3):(93.0,-27.0)
(6,-4):(93.0,-39.0)
(6,-2):(93.0,-15.0)
(5,-2):(81.0,-15.0)
(4,-2):(66.0,-15.0)
(4,-1):(66.0,0.0)
(3,-1):(54.0,0.0)
(2,-1):(39.0,0.0)
(2,0):(39.0,12.0)
(1,0):(27.0,12.0)
(1,1):(27.0,24.0)
(0,1):(12.0,24.0)
(-1,1):(0.0,24.0)
(-2,1):(-15.0,24.0)
(-3,1):(-27.0,24.0)
(-4,1):(-42.0,24.0)
(-5,1):(-54.0,24.0)
(-6,1):(-69.0,24.0)
(-7,1):(-81.0,24.0)
(-8,1):(-96.0,24.0)
(-8,2):(-96.0,39.0)
(-7,2):(-81.0,39.0)
(-6,2):(-69.0,39.0)
(-5,2):(-54.0,39.0)
(-4,2):(-42.0,39.0)
(-3,2):(-27.0,39.0)
(-2,2):(-15.0,39.0)
(-1,2):(0.0,39.0)
(0,2):(12.0,39.0)
(1,2):(27.0,39.0)
(2,2):(39.0,39.0)
(2,1):(39.0,24.0)
(3,1):(54.0,24.0)
(3,0):(54.0,12.0)
(4,0):(66.0,12.0)
(5,0):(81.0,12.0)
(5,-1):(81.0,0.0)
(6,-1):(93.0,0.0)
(6,0):(93.0,12.0)
(6,1):(93.0,24.0)
(5,1):(81.0,24.0)
(4,1):(66.0,24.0)
(4,2):(66.0,39.0)
(3,2):(54.0,39.0)
(3,3):(54.0,51.0)
(2,3):(39.0,51.0)
(1,3):(27.0,51.0)
(0,3):(12.0,51.0)
(-1,3):(0.0,51.0)
(-2,3):(-15.0,51.0)
(-3,3):(-27.0,51.0)
(-4,3):(-42.0,51.0)
(-5,3):(-54.0,51.0)
(-6,3):(-69.0,51.0)
(-7,3):(-81.0,51.0)
(-8,3):(-96.0,51.0)
(-7,4):(-81.0,63.0)
(-6,4):(-69.0,63.0)
(-5,4):(-54.0,63.0)
(-4,4):(-42.0,63.0)
(-3,4):(-27.0,63.0)
(-2,4):(-15.0,63.0)
(-1,4):(0.0,63.0)
(0,4):(12.0,63.0)
(1,4):(27.0,63.0)
(2,4):(39.0,63.0)
(3,4):(54.0,63.0)
(4,4):(66.0,63.0)
(4,3):(66.0,51.0)
(5,3):(81.0,51.0)
(5,2):(81.0,39.0)
(3,5):(54.0,78.0)
(2,5):(39.0,78.0)
(1,5):(27.0,78.0)
(0,5):(12.0,78.0)
(-1,5):(0.0,78.0)
(-2,5):(-15.0,78.0)
(-3,5):(-27.0,78.0)
(-4,5):(-42.0,78.0)
(-5,5):(-54.0,78.0)
(-6,5):(-69.0,78.0)
(-4,6):(-42.0,90.0)
(-3,6):(-27.0,90.0)
(-2,6):(-15.0,90.0)
(-1,6):(0.0,90.0)
(0,6):(12.0,90.0)
(1,6):(27.0,90.0)
(2,6):(39.0,90.0)
