(0,0):(0.0,0.0)
(-1,0):(-45.0,0.0)
(-2,0):(-80.0,0.0)
(-3,0):(-125.0,0.0)
(-4,0):(-160.0,0.0)
(-4,-1):(-160.0,-45.0)
(-4,-2):(-160.0,-80.0)
(-3,-2):(-125.0,-80.0)
(-3,-3):(-125.0,-125.0)
(-2,-3):(-80.0,-125.0)
(-2,-4):(-80.0,-160.0)
(-1,-4):(-45.0,-160.0)
(0,-4):(-10.0,-160.0)
(1,-4):(35.0,-160.0)
(2,-4):(70.0,-160.0)
(2,-3):(70.0,-125.0)
(1,-3):(25.0,-125.0)
(0,-3):(-10.0,-125.0)
(-1,-3):(-55.0,-125.0)
(-1,-2):(-55.0,-80.0)
(-2,-2):(-90.0,-80.0)
(-2,-1):(-90.0,-45.0)
(-3,-1):(-135.0,-45.0)
(-1,-1):(-55.0,-45.0)
(0,-1):(-10.0,-45.0)
(0,-2):(-10.0,-90.0)
(1,-2):(25.0,-90.0)
(2,-2):(60.0,-90.0)
(3,-2):(105.0,-90.0)
(3,-3):(105.0,-125.0)
(3,-1):(105.0,-45.0)
(2,-1):(70.0,-45.0)
(1,-1):(35.0,-45.0)
(1,0):(35.0,-10.0)
(2,0):(70.0,-10.0)
(3,0):(105.0,-10.0)
(4,0):(140.0,-10.0)
(4,-1):(140.0,-55.0)
(4,1):(140.0,25.0)
(3,1):(95.0,25.0)
(2,1):(60.0,25.0)
(1,1):(15.0,25.0)
(0,1):(-20.0,25.0)
(-1,1):(-65.0,25.0)
(-2,1):(-100.0,25.0)
(-3,1):(-145.0,25.0)
(-3,2):(-145.0,70.0)
(-2,2):(-100.0,70.0)
(-1,2):(-65.0,70.0)
(0,2):(-30.0,70.0)
(1,2):(15.0,70.0)
(2,2):(50.0,70.0)
(3,2):(85.0,70.0)
(4,2):(130.0,70.0)
(3,3):(85.0,105.0)
(2,3):(50.0,105.0)
(1,3):(5.0,105.0)
(0,3):(-30.0,105.0)
(-1,3):(-75.0,105.0)
(-2,3):(-110.0,105.0)
(-1,4):(-75.0,140.0)
(0,4):(-30.0,140.0)
(1,4):(5.0,140.0)
(2,4):(40.0,140.0)
