(0,0):(40.6,22.4)
(-1,0):(33.800000000000004,22.4)
(-2,0):(27.000000000000004,22.4)
(-3,0):(17.000000000000004,22.4)
(-4,0):(10.200000000000003,22.4)
(-5,0):(3.400000000000003,22.4)
(-6,0):(-3.399999999999997,22.4)
(-7,0):(-13.399999999999997,22.4)
(-8,0):(-20.2,22.4)
(-9,0):(-27.0,22.4)
(-10,0):(-33.8,22.4)
(-11,0):(-43.8,22.4)
(-12,0):(-50.599999999999994,22.4)
(-13,0):(-57.39999999999999,22.4)
(-14,0):(-64.19999999999999,22.4)
(-15,0):(-74.19999999999999,22.4)
(-16,0):(-80.99999999999999,22.4)
(-17,0):(-87.79999999999998,22.4)
(-18,0):(-94.59999999999998,22.4)
(-19,0):(-104.59999999999998,22.4)
(-20,0):(-111.39999999999998,22.4)
(-21,0):(-118.19999999999997,22.4)
(-22,0):(-124.99999999999997,22.4)
(-23,0):(-134.99999999999997,22.4)
(-24,0):(-141.79999999999998,22.4)
(-25,0):(-148.6,22.4)
(-25,-1):(-148.6,16.2)
(-25,-2):(-148.6,10.0)
(-25,-3):(-148.6,3.8)
(-25,-4):(-148.6,-2.4000000000000004)
(-25,-5):(-148.6,-12.8)
(-25,-6):(-148.6,-19.0)
(-25,-7):(-148.6,-25.2)
(-25,-8):(-148.6,-31.4)
(-25,-9):(-148.6,-37.6)
(-25,-10):(-148.6,-43.800000000000004)
(-24,-10):(-141.79999999999998,-43.800000000000004)
(-24,-11):(-141.79999999999998,-54.2)
(-24,-12):(-141.79999999999998,-60.400000000000006)
(-23,-12):(-134.99999999999997,-60.400000000000006)
(-23,-13):(-134.99999999999997,-66.60000000000001)
(-23,-14):(-134.99999999999997,-72.80000000000001)
(-23,-15):(-134.99999999999997,-79.00000000000001)
(-22,-15):(-124.99999999999997,-79.00000000000001)
(-22,-16):(-124.99999999999997,-85.20000000000002)
(-21,-16):(-118.19999999999997,-85.20000000000002)
(-21,-17):(-118.19999999999997,-95.60000000000002)
(-21,-18):(-118.19999999999997,-101.80000000000003)
(-20,-18):(-111.39999999999998,-101.80000000000003)
(-20,-19):(-111.39999999999998,-108.00000000000003)
(-19,-19):(-104.59999999999998,-108.00000000000003)
(-19,-20):(-104.59999999999998,-114.20000000000003)
(-18,-20):(-94.59999999999998,-114.20000000000003)
(-18,-21):(-94.59999999999998,-120.40000000000003)
(-17,-21):(-87.79999999999998,-120.40000000000003)
(-17,-22):(-87.79999999999998,-126.60000000000004)
(-16,-22):(-80.99999999999999,-126.60000000000004)
(-15,-22):(-74.19999999999999,-126.60000000000004)
(-15,-23):(-74.19999999999999,-137.00000000000003)
(-14,-23):(-64.19999999999999,-137.00000000000003)
(-13,-23):(-57.39999999999999,-137.00000000000003)
(-13,-24):(-57.39999999999999,-143.20000000000002)
(-12,-24):(-50.599999999999994,-143.20000000000002)
(-11,-24):(-43.8,-143.20000000000002)
(-11,-25):(-43.8,-149.4)
(-10,-25):(-33.8,-149.4)
(-9,-25):(-26.999999999999996,-149.4)
(-8,-25):(-20.199999999999996,-149.4)
(-7,-25):(-13.399999999999995,-149.4)
(-6,-25):(-3.399999999999995,-149.4)
(-5,-25):(3.400000000000005,-149.4)
(-4,-25):(10.200000000000006,-149.4)
(-3,-25):(17.000000000000007,-149.4)
(-2,-25):(27.000000000000007,-149.4)
(-1,-25):(33.800000000000004,-149.4)
(0,-25):(40.6,-149.4)
(0,-24):(40.6,-143.20000000000002)
(-1,-24):(33.800000000000004,-143.20000000000002)
(-2,-24):(27.000000000000004,-143.20000000000002)
(-3,-24):(17.000000000000004,-143.20000000000002)
(-4,-24):(10.200000000000003,-143.20000000000002)
(-5,-24):(3.400000000000003,-143.20000000000002)
(-6,-24):(-3.399999999999997,-143.20000000000002)
(-7,-24):(-13.399999999999997,-143.20000000000002)
(-8,-24):(-20.2,-143.20000000000002)
(-9,-24):(-27.0,-143.20000000000002)
(-10,-24):(-33.8,-143.20000000000002)
(-10,-23):(-33.8,-137.00000000000003)
(-11,-23):(-43.8,-137.00000000000003)
(-12,-23):(-50.599999999999994,-137.00000000000003)
(-12,-22):(-50.599999999999994,-126.60000000000002)
(-13,-22):(-57.39999999999999,-126.60000000000002)
(-14,-22):(-64.19999999999999,-126.60000000000002)
(-14,-21):(-64.19999999999999,-120.40000000000002)
(-15,-21):(-74.19999999999999,-120.40000000000002)
(-16,-21):(-80.99999999999999,-120.40000000000002)
(-16,-20):(-80.99999999999999,-114.20000000000002)
(-17,-20):(-87.79999999999998,-114.20000000000002)
(-17,-19):(-87.79999999999998,-108.00000000000001)
(-18,-19):(-94.59999999999998,-108.00000000000001)
(-18,-18):(-94.59999999999998,-101.80000000000001)
(-19,-18):(-104.59999999999998,-101.80000000000001)
(-19,-17):(-104.59999999999998,-95.60000000000001)
(-20,-17):(-111.39999999999998,-95.60000000000001)
(-20,-16):(-111.39999999999998,-85.2)
(-19,-16):(-104.59999999999998,-85.2)
(-18,-16):(-94.59999999999998,-85.2)
(-18,-17):(-94.59999999999998,-95.60000000000001)
(-17,-17):(-87.79999999999998,-95.60000000000001)
(-17,-18):(-87.79999999999998,-101.80000000000001)
(-16,-18):(-80.99999999999999,-101.80000000000001)
(-16,-19):(-80.99999999999999,-108.00000000000001)
(-15,-19):(-74.19999999999999,-108.00000000000001)
(-15,-20):(-74.19999999999999,-114.20000000000002)
(-14,-20):(-64.19999999999999,-114.20000000000002)
(-13,-20):(-57.39999999999999,-114.20000000000002)
(-13,-21):(-57.39999999999999,-120.40000000000002)
(-12,-21):(-50.599999999999994,-120.40000000000002)
(-11,-21):(-43.8,-120.40000000000002)
(-11,-22):(-43.8,-126.60000000000002)
(-10,-22):(-33.8,-126.60000000000002)
(-9,-22):(-26.999999999999996,-126.60000000000002)
(-9,-23):(-26.999999999999996,-137.00000000000003)
(-8,-23):(-20.199999999999996,-137.00000000000003)
(-7,-23):(-13.399999999999995,-137.00000000000003)
(-6,-23):(-3.399999999999995,-137.00000000000003)
(-5,-23):(3.400000000000005,-137.00000000000003)
(-4,-23):(10.200000000000006,-137.00000000000003)
(-3,-23):(17.000000000000007,-137.00000000000003)
(-2,-23):(27.000000000000007,-137.00000000000003)
(-1,-23):(33.800000000000004,-137.00000000000003)
(0,-23):(40.6,-137.00000000000003)
(1,-23):(47.4,-137.00000000000003)
(1,-24):(47.4,-143.20000000000002)
(2,-24):(57.4,-143.20000000000002)
(2,-23):(57.4,-137.00000000000003)
(3,-23):(64.2,-137.00000000000003)
(4,-23):(71.0,-137.00000000000003)
(4,-22):(71.0,-126.60000000000002)
(3,-22):(64.2,-126.60000000000002)
(2,-22):(57.400000000000006,-126.60000000000002)
(1,-22):(47.400000000000006,-126.60000000000002)
(0,-22):(40.60000000000001,-126.60000000000002)
(-1,-22):(33.80000000000001,-126.60000000000002)
(-2,-22):(27.00000000000001,-126.60000000000002)
(-3,-22):(17.00000000000001,-126.60000000000002)
(-4,-22):(10.20000000000001,-126.60000000000002)
(-5,-22):(3.40000000000001,-126.60000000000002)
(-6,-22):(-3.3999999999999897,-126.60000000000002)
(-7,-22):(-13.39999999999999,-126.60000000000002)
(-8,-22):(-20.199999999999992,-126.60000000000002)
(-8,-21):(-20.199999999999992,-120.40000000000002)
(-9,-21):(-26.999999999999993,-120.40000000000002)
(-10,-21):(-33.79999999999999,-120.40000000000002)
(-10,-20):(-33.79999999999999,-114.20000000000002)
(-11,-20):(-43.79999999999999,-114.20000000000002)
(-12,-20):(-50.59999999999999,-114.20000000000002)
(-12,-19):(-50.59999999999999,-108.00000000000001)
(-13,-19):(-57.399999999999984,-108.00000000000001)
(-14,-19):(-64.19999999999999,-108.00000000000001)
(-14,-18):(-64.19999999999999,-101.80000000000001)
(-15,-18):(-74.19999999999999,-101.80000000000001)
(-15,-17):(-74.19999999999999,-95.60000000000001)
(-16,-17):(-80.99999999999999,-95.60000000000001)
(-16,-16):(-80.99999999999999,-85.2)
(-17,-16):(-87.79999999999998,-85.2)
(-17,-15):(-87.79999999999998,-79.0)
(-18,-15):(-94.59999999999998,-79.0)
(-19,-15):(-104.59999999999998,-79.0)
(-20,-15):(-111.39999999999998,-79.0)
(-21,-15):(-118.19999999999997,-79.0)
(-21,-14):(-118.19999999999997,-72.8)
(-22,-14):(-124.99999999999997,-72.8)
(-22,-13):(-124.99999999999997,-66.6)
(-21,-13):(-118.19999999999997,-66.6)
(-20,-13):(-111.39999999999998,-66.6)
(-20,-14):(-111.39999999999998,-72.8)
(-19,-14):(-104.59999999999998,-72.8)
(-18,-14):(-94.59999999999998,-72.8)
(-17,-14):(-87.79999999999998,-72.8)
(-16,-14):(-80.99999999999999,-72.8)
(-16,-15):(-80.99999999999999,-79.0)
(-15,-15):(-74.19999999999999,-79.0)
(-15,-16):(-74.19999999999999,-85.2)
(-14,-16):(-64.19999999999999,-85.2)
(-14,-17):(-64.19999999999999,-95.60000000000001)
(-13,-17):(-57.39999999999999,-95.60000000000001)
(-13,-18):(-57.39999999999999,-101.80000000000001)
(-12,-18):(-50.599999999999994,-101.80000000000001)
(-11,-18):(-43.8,-101.80000000000001)
(-11,-19):(-43.8,-108.00000000000001)
(-10,-19):(-33.8,-108.00000000000001)
(-9,-19):(-26.999999999999996,-108.00000000000001)
(-9,-20):(-26.999999999999996,-114.20000000000002)
(-8,-20):(-20.199999999999996,-114.20000000000002)
(-7,-20):(-13.399999999999995,-114.20000000000002)
(-7,-21):(-13.399999999999995,-120.40000000000002)
(-6,-21):(-3.399999999999995,-120.40000000000002)
(-5,-21):(3.400000000000005,-120.40000000000002)
(-4,-21):(10.200000000000006,-120.40000000000002)
(-3,-21):(17.000000000000007,-120.40000000000002)
(-2,-21):(27.000000000000007,-120.40000000000002)
(-1,-21):(33.800000000000004,-120.40000000000002)
(0,-21):(40.6,-120.40000000000002)
(1,-21):(47.4,-120.40000000000002)
(2,-21):(57.4,-120.40000000000002)
(3,-21):(64.2,-120.40000000000002)
(4,-21):(71.0,-120.40000000000002)
(5,-21):(77.8,-120.40000000000002)
(5,-22):(77.8,-126.60000000000002)
(6,-22):(87.8,-126.60000000000002)
(6,-21):(87.8,-120.40000000000002)
(7,-21):(94.6,-120.40000000000002)
(7,-20):(94.6,-114.20000000000002)
(6,-20):(87.8,-114.20000000000002)
(5,-20):(77.8,-114.20000000000002)
(4,-20):(71.0,-114.20000000000002)
(3,-20):(64.2,-114.20000000000002)
(2,-20):(57.400000000000006,-114.20000000000002)
(1,-20):(47.400000000000006,-114.20000000000002)
(0,-20):(40.60000000000001,-114.20000000000002)
(-1,-20):(33.80000000000001,-114.20000000000002)
(-2,-20):(27.00000000000001,-114.20000000000002)
(-3,-20):(17.00000000000001,-114.20000000000002)
(-4,-20):(10.20000000000001,-114.20000000000002)
(-5,-20):(3.40000000000001,-114.20000000000002)
(-6,-20):(-3.3999999999999897,-114.20000000000002)
(-6,-19):(-3.3999999999999897,-108.00000000000001)
(-7,-19):(-13.39999999999999,-108.00000000000001)
(-8,-19):(-20.199999999999992,-108.00000000000001)
(-8,-18):(-20.199999999999992,-101.80000000000001)
(-9,-18):(-26.999999999999993,-101.80000000000001)
(-10,-18):(-33.79999999999999,-101.80000000000001)
(-10,-17):(-33.79999999999999,-95.60000000000001)
(-11,-17):(-43.79999999999999,-95.60000000000001)
(-12,-17):(-50.59999999999999,-95.60000000000001)
(-12,-16):(-50.59999999999999,-85.2)
(-13,-16):(-57.399999999999984,-85.2)
(-13,-15):(-57.399999999999984,-79.0)
(-14,-15):(-64.19999999999999,-79.0)
(-14,-14):(-64.19999999999999,-72.8)
(-15,-14):(-74.19999999999999,-72.8)
(-15,-13):(-74.19999999999999,-66.6)
(-16,-13):(-80.99999999999999,-66.6)
(-17,-13):(-87.79999999999998,-66.6)
(-18,-13):(-94.59999999999998,-66.6)
(-19,-13):(-104.59999999999998,-66.6)
(-19,-12):(-104.59999999999998,-60.39999999999999)
(-20,-12):(-111.39999999999998,-60.39999999999999)
(-21,-12):(-118.19999999999997,-60.39999999999999)
(-22,-12):(-124.99999999999997,-60.39999999999999)
(-22,-11):(-124.99999999999997,-54.19999999999999)
(-23,-11):(-134.99999999999997,-54.19999999999999)
(-23,-10):(-134.99999999999997,-43.79999999999999)
(-22,-10):(-124.99999999999997,-43.79999999999999)
(-21,-10):(-118.19999999999997,-43.79999999999999)
(-21,-11):(-118.19999999999997,-54.19999999999999)
(-20,-11):(-111.39999999999998,-54.19999999999999)
(-19,-11):(-104.59999999999998,-54.19999999999999)
(-18,-11):(-94.59999999999998,-54.19999999999999)
(-18,-12):(-94.59999999999998,-60.39999999999999)
(-17,-12):(-87.79999999999998,-60.39999999999999)
(-16,-12):(-80.99999999999999,-60.39999999999999)
(-15,-12):(-74.19999999999999,-60.39999999999999)
(-14,-12):(-64.19999999999999,-60.39999999999999)
(-14,-13):(-64.19999999999999,-66.6)
(-13,-13):(-57.39999999999999,-66.6)
(-13,-14):(-57.39999999999999,-72.8)
(-12,-14):(-50.599999999999994,-72.8)
(-12,-15):(-50.599999999999994,-79.0)
(-11,-15):(-43.8,-79.0)
(-11,-16):(-43.8,-85.2)
(-10,-16):(-33.8,-85.2)
(-9,-16):(-26.999999999999996,-85.2)
(-9,-17):(-26.999999999999996,-95.60000000000001)
(-8,-17):(-20.199999999999996,-95.60000000000001)
(-7,-17):(-13.399999999999995,-95.60000000000001)
(-7,-18):(-13.399999999999995,-101.80000000000001)
(-6,-18):(-3.399999999999995,-101.80000000000001)
(-5,-18):(3.400000000000005,-101.80000000000001)
(-5,-19):(3.400000000000005,-108.00000000000001)
(-4,-19):(10.200000000000006,-108.00000000000001)
(-3,-19):(17.000000000000007,-108.00000000000001)
(-2,-19):(27.000000000000007,-108.00000000000001)
(-1,-19):(33.800000000000004,-108.00000000000001)
(0,-19):(40.6,-108.00000000000001)
(1,-19):(47.4,-108.00000000000001)
(2,-19):(57.4,-108.00000000000001)
(3,-19):(64.2,-108.00000000000001)
(4,-19):(71.0,-108.00000000000001)
(5,-19):(77.8,-108.00000000000001)
(6,-19):(87.8,-108.00000000000001)
(7,-19):(94.6,-108.00000000000001)
(8,-19):(101.39999999999999,-108.00000000000001)
(8,-20):(101.39999999999999,-114.20000000000002)
(9,-19):(108.19999999999999,-108.00000000000001)
(9,-18):(108.19999999999999,-101.80000000000001)
(8,-18):(101.39999999999999,-101.80000000000001)
(7,-18):(94.6,-101.80000000000001)
(6,-18):(87.8,-101.80000000000001)
(5,-18):(77.8,-101.80000000000001)
(4,-18):(71.0,-101.80000000000001)
(3,-18):(64.2,-101.80000000000001)
(2,-18):(57.400000000000006,-101.80000000000001)
(1,-18):(47.400000000000006,-101.80000000000001)
(0,-18):(40.60000000000001,-101.80000000000001)
(-1,-18):(33.80000000000001,-101.80000000000001)
(-2,-18):(27.00000000000001,-101.80000000000001)
(-3,-18):(17.00000000000001,-101.80000000000001)
(-4,-18):(10.20000000000001,-101.80000000000001)
(-4,-17):(10.20000000000001,-95.60000000000001)
(-5,-17):(3.40000000000001,-95.60000000000001)
(-6,-17):(-3.3999999999999897,-95.60000000000001)
(-6,-16):(-3.3999999999999897,-85.2)
(-7,-16):(-13.39999999999999,-85.2)
(-8,-16):(-20.199999999999992,-85.2)
(-8,-15):(-20.199999999999992,-79.0)
(-9,-15):(-26.999999999999993,-79.0)
(-10,-15):(-33.79999999999999,-79.0)
(-10,-14):(-33.79999999999999,-72.8)
(-11,-14):(-43.79999999999999,-72.8)
(-11,-13):(-43.79999999999999,-66.6)
(-12,-13):(-50.59999999999999,-66.6)
(-12,-12):(-50.59999999999999,-60.39999999999999)
(-13,-12):(-57.399999999999984,-60.39999999999999)
(-13,-11):(-57.399999999999984,-54.19999999999999)
(-14,-11):(-64.19999999999999,-54.19999999999999)
(-15,-11):(-74.19999999999999,-54.19999999999999)
(-16,-11):(-80.99999999999999,-54.19999999999999)
(-17,-11):(-87.79999999999998,-54.19999999999999)
(-17,-10):(-87.79999999999998,-43.79999999999999)
(-18,-10):(-94.59999999999998,-43.79999999999999)
(-19,-10):(-104.59999999999998,-43.79999999999999)
(-20,-10):(-111.39999999999998,-43.79999999999999)
(-20,-9):(-111.39999999999998,-37.59999999999999)
(-21,-9):(-118.19999999999997,-37.59999999999999)
(-22,-9):(-124.99999999999997,-37.59999999999999)
(-23,-9):(-134.99999999999997,-37.59999999999999)
(-24,-9):(-141.79999999999998,-37.59999999999999)
(-24,-8):(-141.79999999999998,-31.399999999999988)
(-23,-8):(-134.99999999999997,-31.399999999999988)
(-22,-8):(-124.99999999999997,-31.399999999999988)
(-21,-8):(-118.19999999999997,-31.399999999999988)
(-20,-8):(-111.39999999999998,-31.399999999999988)
(-19,-8):(-104.59999999999998,-31.399999999999988)
(-19,-9):(-104.59999999999998,-37.599999999999994)
(-18,-9):(-94.59999999999998,-37.599999999999994)
(-17,-9):(-87.79999999999998,-37.599999999999994)
(-16,-9):(-80.99999999999999,-37.599999999999994)
(-16,-10):(-80.99999999999999,-43.8)
(-15,-10):(-74.19999999999999,-43.8)
(-14,-10):(-64.19999999999999,-43.8)
(-13,-10):(-57.39999999999999,-43.8)
(-12,-10):(-50.599999999999994,-43.8)
(-12,-11):(-50.599999999999994,-54.199999999999996)
(-11,-11):(-43.8,-54.199999999999996)
(-11,-12):(-43.8,-60.4)
(-10,-12):(-33.8,-60.4)
(-10,-13):(-33.8,-66.60000000000001)
(-9,-13):(-26.999999999999996,-66.60000000000001)
(-9,-14):(-26.999999999999996,-72.80000000000001)
(-8,-14):(-20.199999999999996,-72.80000000000001)
(-7,-14):(-13.399999999999995,-72.80000000000001)
(-7,-15):(-13.399999999999995,-79.00000000000001)
(-6,-15):(-3.399999999999995,-79.00000000000001)
(-5,-15):(3.400000000000005,-79.00000000000001)
(-5,-16):(3.400000000000005,-85.20000000000002)
(-4,-16):(10.200000000000006,-85.20000000000002)
(-3,-16):(17.000000000000007,-85.20000000000002)
(-3,-17):(17.000000000000007,-95.60000000000002)
(-2,-17):(27.000000000000007,-95.60000000000002)
(-1,-17):(33.800000000000004,-95.60000000000002)
(0,-17):(40.6,-95.60000000000002)
(1,-17):(47.4,-95.60000000000002)
(2,-17):(57.4,-95.60000000000002)
(3,-17):(64.2,-95.60000000000002)
(4,-17):(71.0,-95.60000000000002)
(5,-17):(77.8,-95.60000000000002)
(6,-17):(87.8,-95.60000000000002)
(7,-17):(94.6,-95.60000000000002)
(8,-17):(101.39999999999999,-95.60000000000002)
(9,-17):(108.19999999999999,-95.60000000000002)
(10,-17):(118.19999999999999,-95.60000000000002)
(10,-16):(118.19999999999999,-85.20000000000002)
(9,-16):(108.19999999999999,-85.20000000000002)
(8,-16):(101.39999999999999,-85.20000000000002)
(7,-16):(94.6,-85.20000000000002)
(6,-16):(87.8,-85.20000000000002)
(5,-16):(77.8,-85.20000000000002)
(4,-16):(71.0,-85.20000000000002)
(3,-16):(64.2,-85.20000000000002)
(2,-16):(57.400000000000006,-85.20000000000002)
(1,-16):(47.400000000000006,-85.20000000000002)
(0,-16):(40.60000000000001,-85.20000000000002)
(-1,-16):(33.80000000000001,-85.20000000000002)
(-2,-16):(27.00000000000001,-85.20000000000002)
(-2,-15):(27.00000000000001,-79.00000000000001)
(-3,-15):(17.00000000000001,-79.00000000000001)
(-4,-15):(10.20000000000001,-79.00000000000001)
(-4,-14):(10.20000000000001,-72.80000000000001)
(-5,-14):(3.40000000000001,-72.80000000000001)
(-6,-14):(-3.3999999999999897,-72.80000000000001)
(-6,-13):(-3.3999999999999897,-66.60000000000001)
(-7,-13):(-13.39999999999999,-66.60000000000001)
(-8,-13):(-20.199999999999992,-66.60000000000001)
(-8,-12):(-20.199999999999992,-60.400000000000006)
(-9,-12):(-26.999999999999993,-60.400000000000006)
(-9,-11):(-26.999999999999993,-54.2)
(-10,-11):(-33.79999999999999,-54.2)
(-10,-10):(-33.79999999999999,-43.800000000000004)
(-11,-10):(-43.79999999999999,-43.800000000000004)
(-11,-9):(-43.79999999999999,-37.6)
(-12,-9):(-50.59999999999999,-37.6)
(-13,-9):(-57.399999999999984,-37.6)
(-14,-9):(-64.19999999999999,-37.6)
(-15,-9):(-74.19999999999999,-37.6)
(-15,-8):(-74.19999999999999,-31.400000000000002)
(-16,-8):(-80.99999999999999,-31.400000000000002)
(-17,-8):(-87.79999999999998,-31.400000000000002)
(-18,-8):(-94.59999999999998,-31.400000000000002)
(-18,-7):(-94.59999999999998,-25.200000000000003)
(-19,-7):(-104.59999999999998,-25.200000000000003)
(-20,-7):(-111.39999999999998,-25.200000000000003)
(-21,-7):(-118.19999999999997,-25.200000000000003)
(-22,-7):(-124.99999999999997,-25.200000000000003)
(-23,-7):(-134.99999999999997,-25.200000000000003)
(-24,-7):(-141.79999999999998,-25.200000000000003)
(-24,-6):(-141.79999999999998,-19.000000000000004)
(-23,-6):(-134.99999999999997,-19.000000000000004)
(-22,-6):(-124.99999999999997,-19.000000000000004)
(-21,-6):(-118.19999999999997,-19.000000000000004)
(-20,-6):(-111.39999999999998,-19.000000000000004)
(-19,-6):(-104.59999999999998,-19.000000000000004)
(-18,-6):(-94.59999999999998,-19.000000000000004)
(-17,-6):(-87.79999999999998,-19.000000000000004)
(-17,-7):(-87.79999999999998,-25.200000000000003)
(-16,-7):(-80.99999999999999,-25.200000000000003)
(-15,-7):(-74.19999999999999,-25.200000000000003)
(-14,-7):(-64.19999999999999,-25.200000000000003)
(-14,-8):(-64.19999999999999,-31.400000000000002)
(-13,-8):(-57.39999999999999,-31.400000000000002)
(-12,-8):(-50.599999999999994,-31.400000000000002)
(-11,-8):(-43.8,-31.400000000000002)
(-10,-8):(-33.8,-31.400000000000002)
(-10,-9):(-33.8,-37.60000000000001)
(-9,-9):(-26.999999999999996,-37.60000000000001)
(-9,-10):(-26.999999999999996,-43.80000000000001)
(-8,-10):(-20.199999999999996,-43.80000000000001)
(-8,-11):(-20.199999999999996,-54.20000000000001)
(-7,-11):(-13.399999999999995,-54.20000000000001)
(-7,-12):(-13.399999999999995,-60.40000000000001)
(-6,-12):(-3.399999999999995,-60.40000000000001)
(-5,-12):(3.400000000000005,-60.40000000000001)
(-5,-13):(3.400000000000005,-66.60000000000001)
(-4,-13):(10.200000000000006,-66.60000000000001)
(-3,-13):(17.000000000000007,-66.60000000000001)
(-3,-14):(17.000000000000007,-72.80000000000001)
(-2,-14):(27.000000000000007,-72.80000000000001)
(-1,-14):(33.800000000000004,-72.80000000000001)
(-1,-15):(33.800000000000004,-79.00000000000001)
(0,-15):(40.6,-79.00000000000001)
(1,-15):(47.4,-79.00000000000001)
(2,-15):(57.4,-79.00000000000001)
(3,-15):(64.2,-79.00000000000001)
(4,-15):(71.0,-79.00000000000001)
(5,-15):(77.8,-79.00000000000001)
(6,-15):(87.8,-79.00000000000001)
(7,-15):(94.6,-79.00000000000001)
(8,-15):(101.39999999999999,-79.00000000000001)
(9,-15):(108.19999999999999,-79.00000000000001)
(10,-15):(118.19999999999999,-79.00000000000001)
(11,-15):(124.99999999999999,-79.00000000000001)
(11,-16):(124.99999999999999,-85.20000000000002)
(11,-14):(124.99999999999999,-72.80000000000001)
(10,-14):(118.19999999999999,-72.80000000000001)
(9,-14):(108.19999999999999,-72.80000000000001)
(8,-14):(101.39999999999999,-72.80000000000001)
(7,-14):(94.6,-72.80000000000001)
(6,-14):(87.8,-72.80000000000001)
(5,-14):(77.8,-72.80000000000001)
(4,-14):(71.0,-72.80000000000001)
(3,-14):(64.2,-72.80000000000001)
(2,-14):(57.400000000000006,-72.80000000000001)
(1,-14):(47.400000000000006,-72.80000000000001)
(0,-14):(40.60000000000001,-72.80000000000001)
(0,-13):(40.60000000000001,-66.60000000000001)
(-1,-13):(33.80000000000001,-66.60000000000001)
(-2,-13):(27.00000000000001,-66.60000000000001)
(-2,-12):(27.00000000000001,-60.400000000000006)
(-3,-12):(17.00000000000001,-60.400000000000006)
(-4,-12):(10.20000000000001,-60.400000000000006)
(-4,-11):(10.20000000000001,-54.2)
(-5,-11):(3.40000000000001,-54.2)
(-6,-11):(-3.3999999999999897,-54.2)
(-6,-10):(-3.3999999999999897,-43.800000000000004)
(-7,-10):(-13.39999999999999,-43.800000000000004)
(-7,-9):(-13.39999999999999,-37.6)
(-8,-9):(-20.199999999999992,-37.6)
(-8,-8):(-20.199999999999992,-31.400000000000002)
(-9,-8):(-26.999999999999993,-31.400000000000002)
(-9,-7):(-26.999999999999993,-25.200000000000003)
(-10,-7):(-33.79999999999999,-25.200000000000003)
(-11,-7):(-43.79999999999999,-25.200000000000003)
(-12,-7):(-50.59999999999999,-25.200000000000003)
(-13,-7):(-57.399999999999984,-25.200000000000003)
(-13,-6):(-57.399999999999984,-19.000000000000004)
(-14,-6):(-64.19999999999999,-19.000000000000004)
(-15,-6):(-74.19999999999999,-19.000000000000004)
(-16,-6):(-80.99999999999999,-19.000000000000004)
(-16,-5):(-80.99999999999999,-12.800000000000004)
(-17,-5):(-87.79999999999998,-12.800000000000004)
(-18,-5):(-94.59999999999998,-12.800000000000004)
(-19,-5):(-104.59999999999998,-12.800000000000004)
(-20,-5):(-111.39999999999998,-12.800000000000004)
(-21,-5):(-118.19999999999997,-12.800000000000004)
(-22,-5):(-124.99999999999997,-12.800000000000004)
(-23,-5):(-134.99999999999997,-12.800000000000004)
(-24,-5):(-141.79999999999998,-12.800000000000004)
(-24,-4):(-141.79999999999998,-2.400000000000004)
(-23,-4):(-134.99999999999997,-2.400000000000004)
(-22,-4):(-124.99999999999997,-2.400000000000004)
(-21,-4):(-118.19999999999997,-2.400000000000004)
(-20,-4):(-111.39999999999998,-2.400000000000004)
(-19,-4):(-104.59999999999998,-2.400000000000004)
(-18,-4):(-94.59999999999998,-2.400000000000004)
(-17,-4):(-87.79999999999998,-2.400000000000004)
(-16,-4):(-80.99999999999999,-2.400000000000004)
(-15,-4):(-74.19999999999999,-2.400000000000004)
(-15,-5):(-74.19999999999999,-12.800000000000004)
(-14,-5):(-64.19999999999999,-12.800000000000004)
(-13,-5):(-57.39999999999999,-12.800000000000004)
(-12,-5):(-50.599999999999994,-12.800000000000004)
(-12,-6):(-50.599999999999994,-19.000000000000004)
(-11,-6):(-43.8,-19.000000000000004)
(-10,-6):(-33.8,-19.000000000000004)
(-9,-6):(-26.999999999999996,-19.000000000000004)
(-8,-6):(-20.199999999999996,-19.000000000000004)
(-8,-7):(-20.199999999999996,-25.200000000000003)
(-7,-7):(-13.399999999999995,-25.200000000000003)
(-7,-8):(-13.399999999999995,-31.400000000000002)
(-6,-8):(-3.399999999999995,-31.400000000000002)
(-6,-9):(-3.399999999999995,-37.60000000000001)
(-5,-9):(3.400000000000005,-37.60000000000001)
(-5,-10):(3.400000000000005,-43.80000000000001)
(-4,-10):(10.200000000000006,-43.80000000000001)
(-3,-10):(17.000000000000007,-43.80000000000001)
(-3,-11):(17.000000000000007,-54.20000000000001)
(-2,-11):(27.000000000000007,-54.20000000000001)
(-1,-11):(33.800000000000004,-54.20000000000001)
(-1,-12):(33.800000000000004,-60.40000000000001)
(0,-12):(40.6,-60.40000000000001)
(1,-12):(47.4,-60.40000000000001)
(1,-13):(47.4,-66.60000000000001)
(2,-13):(57.4,-66.60000000000001)
(3,-13):(64.2,-66.60000000000001)
(4,-13):(71.0,-66.60000000000001)
(5,-13):(77.8,-66.60000000000001)
(6,-13):(87.8,-66.60000000000001)
(7,-13):(94.6,-66.60000000000001)
(8,-13):(101.39999999999999,-66.60000000000001)
(9,-13):(108.19999999999999,-66.60000000000001)
(10,-13):(118.19999999999999,-66.60000000000001)
(11,-13):(124.99999999999999,-66.60000000000001)
(12,-13):(131.8,-66.60000000000001)
(12,-14):(131.8,-72.80000000000001)
(12,-12):(131.8,-60.400000000000006)
(11,-12):(125.00000000000001,-60.400000000000006)
(10,-12):(118.20000000000002,-60.400000000000006)
(9,-12):(108.20000000000002,-60.400000000000006)
(8,-12):(101.40000000000002,-60.400000000000006)
(7,-12):(94.60000000000002,-60.400000000000006)
(6,-12):(87.80000000000003,-60.400000000000006)
(5,-12):(77.80000000000003,-60.400000000000006)
(4,-12):(71.00000000000003,-60.400000000000006)
(3,-12):(64.20000000000003,-60.400000000000006)
(2,-12):(57.400000000000034,-60.400000000000006)
(2,-11):(57.400000000000034,-54.2)
(1,-11):(47.400000000000034,-54.2)
(0,-11):(40.60000000000004,-54.2)
(0,-10):(40.60000000000004,-43.800000000000004)
(-1,-10):(33.80000000000004,-43.800000000000004)
(-2,-10):(27.00000000000004,-43.800000000000004)
(-2,-9):(27.00000000000004,-37.6)
(-3,-9):(17.00000000000004,-37.6)
(-4,-9):(10.200000000000038,-37.6)
(-4,-8):(10.200000000000038,-31.400000000000002)
(-5,-8):(3.4000000000000385,-31.400000000000002)
(-5,-7):(3.4000000000000385,-25.200000000000003)
(-6,-7):(-3.3999999999999613,-25.200000000000003)
(-6,-6):(-3.3999999999999613,-19.000000000000004)
(-7,-6):(-13.399999999999961,-19.000000000000004)
(-7,-5):(-13.399999999999961,-12.800000000000004)
(-8,-5):(-20.199999999999964,-12.800000000000004)
(-9,-5):(-26.999999999999964,-12.800000000000004)
(-10,-5):(-33.79999999999996,-12.800000000000004)
(-11,-5):(-43.79999999999996,-12.800000000000004)
(-11,-4):(-43.79999999999996,-2.400000000000004)
(-12,-4):(-50.59999999999996,-2.400000000000004)
(-13,-4):(-57.399999999999956,-2.400000000000004)
(-14,-4):(-64.19999999999996,-2.400000000000004)
(-14,-3):(-64.19999999999996,3.7999999999999963)
(-15,-3):(-74.19999999999996,3.7999999999999963)
(-16,-3):(-80.99999999999996,3.7999999999999963)
(-17,-3):(-87.79999999999995,3.7999999999999963)
(-18,-3):(-94.59999999999995,3.7999999999999963)
(-19,-3):(-104.59999999999995,3.7999999999999963)
(-20,-3):(-111.39999999999995,3.7999999999999963)
(-21,-3):(-118.19999999999995,3.7999999999999963)
(-22,-3):(-124.99999999999994,3.7999999999999963)
(-23,-3):(-134.99999999999994,3.7999999999999963)
(-24,-3):(-141.79999999999995,3.7999999999999963)
(-24,-2):(-141.79999999999995,9.999999999999996)
(-23,-2):(-134.99999999999994,9.999999999999996)
(-22,-2):(-124.99999999999994,9.999999999999996)
(-21,-2):(-118.19999999999995,9.999999999999996)
(-20,-2):(-111.39999999999995,9.999999999999996)
(-19,-2):(-104.59999999999995,9.999999999999996)
(-18,-2):(-94.59999999999995,9.999999999999996)
(-17,-2):(-87.79999999999995,9.999999999999996)
(-16,-2):(-80.99999999999996,9.999999999999996)
(-15,-2):(-74.19999999999996,9.999999999999996)
(-14,-2):(-64.19999999999996,9.999999999999996)
(-13,-2):(-57.39999999999996,9.999999999999996)
(-13,-3):(-57.39999999999996,3.7999999999999963)
(-12,-3):(-50.599999999999966,3.7999999999999963)
(-11,-3):(-43.79999999999997,3.7999999999999963)
(-10,-3):(-33.79999999999997,3.7999999999999963)
(-10,-4):(-33.79999999999997,-2.400000000000004)
(-9,-4):(-26.999999999999968,-2.400000000000004)
(-8,-4):(-20.199999999999967,-2.400000000000004)
(-7,-4):(-13.399999999999967,-2.400000000000004)
(-6,-4):(-3.3999999999999666,-2.400000000000004)
(-6,-5):(-3.3999999999999666,-12.800000000000004)
(-5,-5):(3.400000000000033,-12.800000000000004)
(-5,-6):(3.400000000000033,-19.000000000000004)
(-4,-6):(10.200000000000035,-19.000000000000004)
(-4,-7):(10.200000000000035,-25.200000000000003)
(-3,-7):(17.000000000000036,-25.200000000000003)
(-3,-8):(17.000000000000036,-31.400000000000002)
(-2,-8):(27.000000000000036,-31.400000000000002)
(-1,-8):(33.80000000000003,-31.400000000000002)
(-1,-9):(33.80000000000003,-37.60000000000001)
(0,-9):(40.60000000000003,-37.60000000000001)
(1,-9):(47.40000000000003,-37.60000000000001)
(1,-10):(47.40000000000003,-43.80000000000001)
(2,-10):(57.40000000000003,-43.80000000000001)
(3,-10):(64.20000000000003,-43.80000000000001)
(3,-11):(64.20000000000003,-54.20000000000001)
(4,-11):(71.00000000000003,-54.20000000000001)
(5,-11):(77.80000000000003,-54.20000000000001)
(6,-11):(87.80000000000003,-54.20000000000001)
(7,-11):(94.60000000000002,-54.20000000000001)
(8,-11):(101.40000000000002,-54.20000000000001)
(9,-11):(108.20000000000002,-54.20000000000001)
(10,-11):(118.20000000000002,-54.20000000000001)
(11,-11):(125.00000000000001,-54.20000000000001)
(12,-11):(131.8,-54.20000000000001)
(13,-11):(138.60000000000002,-54.20000000000001)
(13,-12):(138.60000000000002,-60.40000000000001)
(13,-10):(138.60000000000002,-43.80000000000001)
(12,-10):(131.8,-43.80000000000001)
(11,-10):(125.00000000000001,-43.80000000000001)
(10,-10):(118.20000000000002,-43.80000000000001)
(9,-10):(108.20000000000002,-43.80000000000001)
(8,-10):(101.40000000000002,-43.80000000000001)
(7,-10):(94.60000000000002,-43.80000000000001)
(6,-10):(87.80000000000003,-43.80000000000001)
(5,-10):(77.80000000000003,-43.80000000000001)
(4,-10):(71.00000000000003,-43.80000000000001)
(4,-9):(71.00000000000003,-37.60000000000001)
(3,-9):(64.20000000000003,-37.60000000000001)
(2,-9):(57.400000000000034,-37.60000000000001)
(2,-8):(57.400000000000034,-31.40000000000001)
(1,-8):(47.400000000000034,-31.40000000000001)
(0,-8):(40.60000000000004,-31.40000000000001)
(0,-7):(40.60000000000004,-25.20000000000001)
(-1,-7):(33.80000000000004,-25.20000000000001)
(-2,-7):(27.00000000000004,-25.20000000000001)
(-2,-6):(27.00000000000004,-19.00000000000001)
(-3,-6):(17.00000000000004,-19.00000000000001)
(-3,-5):(17.00000000000004,-12.800000000000011)
(-4,-5):(10.200000000000038,-12.800000000000011)
(-4,-4):(10.200000000000038,-2.400000000000011)
(-5,-4):(3.4000000000000385,-2.400000000000011)
(-5,-3):(3.4000000000000385,3.799999999999989)
(-6,-3):(-3.3999999999999613,3.799999999999989)
(-7,-3):(-13.399999999999961,3.799999999999989)
(-8,-3):(-20.199999999999964,3.799999999999989)
(-9,-3):(-26.999999999999964,3.799999999999989)
(-9,-2):(-26.999999999999964,9.99999999999999)
(-10,-2):(-33.79999999999996,9.99999999999999)
(-11,-2):(-43.79999999999996,9.99999999999999)
(-12,-2):(-50.59999999999996,9.99999999999999)
(-12,-1):(-50.59999999999996,16.19999999999999)
(-13,-1):(-57.399999999999956,16.19999999999999)
(-14,-1):(-64.19999999999996,16.19999999999999)
(-15,-1):(-74.19999999999996,16.19999999999999)
(-16,-1):(-80.99999999999996,16.19999999999999)
(-17,-1):(-87.79999999999995,16.19999999999999)
(-18,-1):(-94.59999999999995,16.19999999999999)
(-19,-1):(-104.59999999999995,16.19999999999999)
(-20,-1):(-111.39999999999995,16.19999999999999)
(-21,-1):(-118.19999999999995,16.19999999999999)
(-22,-1):(-124.99999999999994,16.19999999999999)
(-23,-1):(-134.99999999999994,16.19999999999999)
(-24,-1):(-141.79999999999995,16.19999999999999)
(-11,-1):(-43.79999999999996,16.19999999999999)
(-10,-1):(-33.79999999999996,16.19999999999999)
(-9,-1):(-26.99999999999996,16.19999999999999)
(-8,-1):(-20.19999999999996,16.19999999999999)
(-8,-2):(-20.19999999999996,9.99999999999999)
(-7,-2):(-13.39999999999996,9.99999999999999)
(-6,-2):(-3.3999999999999595,9.99999999999999)
(-5,-2):(3.4000000000000403,9.99999999999999)
(-4,-2):(10.200000000000042,9.99999999999999)
(-4,-3):(10.200000000000042,3.799999999999989)
(-3,-3):(17.000000000000043,3.799999999999989)
(-3,-4):(17.000000000000043,-2.400000000000011)
(-2,-4):(27.000000000000043,-2.400000000000011)
(-2,-5):(27.000000000000043,-12.800000000000011)
(-1,-5):(33.80000000000004,-12.800000000000011)
(-1,-6):(33.80000000000004,-19.00000000000001)
(0,-6):(40.60000000000004,-19.00000000000001)
(1,-6):(47.400000000000034,-19.00000000000001)
(1,-7):(47.400000000000034,-25.20000000000001)
(2,-7):(57.400000000000034,-25.20000000000001)
(3,-7):(64.20000000000003,-25.20000000000001)
(3,-8):(64.20000000000003,-31.40000000000001)
(4,-8):(71.00000000000003,-31.40000000000001)
(5,-8):(77.80000000000003,-31.40000000000001)
(5,-9):(77.80000000000003,-37.60000000000001)
(6,-9):(87.80000000000003,-37.60000000000001)
(7,-9):(94.60000000000002,-37.60000000000001)
(8,-9):(101.40000000000002,-37.60000000000001)
(9,-9):(108.20000000000002,-37.60000000000001)
(10,-9):(118.20000000000002,-37.60000000000001)
(11,-9):(125.00000000000001,-37.60000000000001)
(12,-9):(131.8,-37.60000000000001)
(13,-9):(138.60000000000002,-37.60000000000001)
(13,-8):(138.60000000000002,-31.40000000000001)
(12,-8):(131.8,-31.40000000000001)
(11,-8):(125.00000000000001,-31.40000000000001)
(10,-8):(118.20000000000002,-31.40000000000001)
(9,-8):(108.20000000000002,-31.40000000000001)
(8,-8):(101.40000000000002,-31.40000000000001)
(7,-8):(94.60000000000002,-31.40000000000001)
(6,-8):(87.80000000000003,-31.40000000000001)
(6,-7):(87.80000000000003,-25.20000000000001)
(5,-7):(77.80000000000003,-25.20000000000001)
(4,-7):(71.00000000000003,-25.20000000000001)
(4,-6):(71.00000000000003,-19.00000000000001)
(3,-6):(64.20000000000003,-19.00000000000001)
(2,-6):(57.400000000000034,-19.00000000000001)
(2,-5):(57.400000000000034,-12.800000000000011)
(1,-5):(47.400000000000034,-12.800000000000011)
(0,-5):(40.60000000000004,-12.800000000000011)
(0,-4):(40.60000000000004,-2.400000000000011)
(-1,-4):(33.80000000000004,-2.400000000000011)
(-1,-3):(33.80000000000004,3.799999999999989)
(-2,-3):(27.00000000000004,3.799999999999989)
(-2,-2):(27.00000000000004,9.99999999999999)
(-3,-2):(17.00000000000004,9.99999999999999)
(-3,-1):(17.00000000000004,16.19999999999999)
(-4,-1):(10.200000000000038,16.19999999999999)
(-5,-1):(3.4000000000000385,16.19999999999999)
(-6,-1):(-3.3999999999999613,16.19999999999999)
(-7,-1):(-13.399999999999961,16.19999999999999)
(-2,-1):(27.00000000000004,16.19999999999999)
(-1,-1):(33.80000000000004,16.19999999999999)
(-1,-2):(33.80000000000004,9.99999999999999)
(0,-2):(40.60000000000004,9.99999999999999)
(0,-3):(40.60000000000004,3.799999999999989)
(1,-3):(47.400000000000034,3.799999999999989)
(1,-4):(47.400000000000034,-2.400000000000011)
(2,-4):(57.400000000000034,-2.400000000000011)
(3,-4):(64.20000000000003,-2.400000000000011)
(3,-5):(64.20000000000003,-12.800000000000011)
(4,-5):(71.00000000000003,-12.800000000000011)
(5,-5):(77.80000000000003,-12.800000000000011)
(5,-6):(77.80000000000003,-19.00000000000001)
(6,-6):(87.80000000000003,-19.00000000000001)
(7,-6):(94.60000000000002,-19.00000000000001)
(7,-7):(94.60000000000002,-25.20000000000001)
(8,-7):(101.40000000000002,-25.20000000000001)
(9,-7):(108.20000000000002,-25.20000000000001)
(10,-7):(118.20000000000002,-25.20000000000001)
(11,-7):(125.00000000000001,-25.20000000000001)
(12,-7):(131.8,-25.20000000000001)
(13,-7):(138.60000000000002,-25.20000000000001)
(14,-7):(148.60000000000002,-25.20000000000001)
(14,-6):(148.60000000000002,-19.00000000000001)
(13,-6):(138.60000000000002,-19.00000000000001)
(12,-6):(131.8,-19.00000000000001)
(11,-6):(125.00000000000001,-19.00000000000001)
(10,-6):(118.20000000000002,-19.00000000000001)
(9,-6):(108.20000000000002,-19.00000000000001)
(8,-6):(101.40000000000002,-19.00000000000001)
(8,-5):(101.40000000000002,-12.800000000000011)
(7,-5):(94.60000000000002,-12.800000000000011)
(6,-5):(87.80000000000003,-12.800000000000011)
(6,-4):(87.80000000000003,-2.400000000000011)
(5,-4):(77.80000000000003,-2.400000000000011)
(4,-4):(71.00000000000003,-2.400000000000011)
(4,-3):(71.00000000000003,3.799999999999989)
(3,-3):(64.20000000000003,3.799999999999989)
(2,-3):(57.400000000000034,3.799999999999989)
(2,-2):(57.400000000000034,9.99999999999999)
(1,-2):(47.400000000000034,9.99999999999999)
(1,-1):(47.400000000000034,16.19999999999999)
(0,-1):(40.60000000000004,16.19999999999999)
(2,-1):(57.400000000000034,16.19999999999999)
(3,-1):(64.20000000000003,16.19999999999999)
(3,-2):(64.20000000000003,9.99999999999999)
(4,-2):(71.00000000000003,9.99999999999999)
(5,-2):(77.80000000000003,9.99999999999999)
(5,-3):(77.80000000000003,3.799999999999989)
(6,-3):(87.80000000000003,3.799999999999989)
(7,-3):(94.60000000000002,3.799999999999989)
(7,-4):(94.60000000000002,-2.400000000000011)
(8,-4):(101.40000000000002,-2.400000000000011)
(9,-4):(108.20000000000002,-2.400000000000011)
(9,-5):(108.20000000000002,-12.800000000000011)
(10,-5):(118.20000000000002,-12.800000000000011)
(11,-5):(125.00000000000001,-12.800000000000011)
(12,-5):(131.8,-12.800000000000011)
(13,-5):(138.60000000000002,-12.800000000000011)
(14,-5):(148.60000000000002,-12.800000000000011)
(14,-4):(148.60000000000002,-2.400000000000011)
(13,-4):(138.60000000000002,-2.400000000000011)
(12,-4):(131.8,-2.400000000000011)
(11,-4):(125.00000000000001,-2.400000000000011)
(10,-4):(118.20000000000002,-2.400000000000011)
(10,-3):(118.20000000000002,3.799999999999989)
(9,-3):(108.20000000000002,3.799999999999989)
(8,-3):(101.40000000000002,3.799999999999989)
(8,-2):(101.40000000000002,9.99999999999999)
(7,-2):(94.60000000000002,9.99999999999999)
(6,-2):(87.80000000000003,9.99999999999999)
(6,-1):(87.80000000000003,16.19999999999999)
(5,-1):(77.80000000000003,16.19999999999999)
(4,-1):(71.00000000000003,16.19999999999999)
(4,0):(71.00000000000003,22.399999999999988)
(3,0):(64.20000000000003,22.399999999999988)
(2,0):(57.400000000000034,22.399999999999988)
(1,0):(47.400000000000034,22.399999999999988)
(1,1):(47.400000000000034,28.599999999999987)
(0,1):(40.60000000000004,28.599999999999987)
(-1,1):(33.80000000000004,28.599999999999987)
(-2,1):(27.00000000000004,28.599999999999987)
(-3,1):(17.00000000000004,28.599999999999987)
(-4,1):(10.200000000000038,28.599999999999987)
(-5,1):(3.4000000000000385,28.599999999999987)
(-6,1):(-3.3999999999999613,28.599999999999987)
(-7,1):(-13.399999999999961,28.599999999999987)
(-8,1):(-20.199999999999964,28.599999999999987)
(-9,1):(-26.999999999999964,28.599999999999987)
(-10,1):(-33.79999999999996,28.599999999999987)
(-11,1):(-43.79999999999996,28.599999999999987)
(-12,1):(-50.59999999999996,28.599999999999987)
(-13,1):(-57.399999999999956,28.599999999999987)
(-14,1):(-64.19999999999996,28.599999999999987)
(-15,1):(-74.19999999999996,28.599999999999987)
(-16,1):(-80.99999999999996,28.599999999999987)
(-17,1):(-87.79999999999995,28.599999999999987)
(-18,1):(-94.59999999999995,28.599999999999987)
(-19,1):(-104.59999999999995,28.599999999999987)
(-20,1):(-111.39999999999995,28.599999999999987)
(-21,1):(-118.19999999999995,28.599999999999987)
(-22,1):(-124.99999999999994,28.599999999999987)
(-23,1):(-134.99999999999994,28.599999999999987)
(-24,1):(-141.79999999999995,28.599999999999987)
(-25,1):(-148.59999999999997,28.599999999999987)
(-25,2):(-148.59999999999997,38.999999999999986)
(-24,2):(-141.79999999999995,38.999999999999986)
(-23,2):(-134.99999999999994,38.999999999999986)
(-22,2):(-124.99999999999994,38.999999999999986)
(-21,2):(-118.19999999999995,38.999999999999986)
(-20,2):(-111.39999999999995,38.999999999999986)
(-19,2):(-104.59999999999995,38.999999999999986)
(-18,2):(-94.59999999999995,38.999999999999986)
(-17,2):(-87.79999999999995,38.999999999999986)
(-16,2):(-80.99999999999996,38.999999999999986)
(-15,2):(-74.19999999999996,38.999999999999986)
(-14,2):(-64.19999999999996,38.999999999999986)
(-13,2):(-57.39999999999996,38.999999999999986)
(-12,2):(-50.599999999999966,38.999999999999986)
(-11,2):(-43.79999999999997,38.999999999999986)
(-10,2):(-33.79999999999997,38.999999999999986)
(-9,2):(-26.999999999999968,38.999999999999986)
(-8,2):(-20.199999999999967,38.999999999999986)
(-7,2):(-13.399999999999967,38.999999999999986)
(-6,2):(-3.3999999999999666,38.999999999999986)
(-5,2):(3.400000000000033,38.999999999999986)
(-4,2):(10.200000000000035,38.999999999999986)
(-3,2):(17.000000000000036,38.999999999999986)
(-2,2):(27.000000000000036,38.999999999999986)
(-1,2):(33.80000000000003,38.999999999999986)
(0,2):(40.60000000000003,38.999999999999986)
(1,2):(47.40000000000003,38.999999999999986)
(2,2):(57.40000000000003,38.999999999999986)
(2,1):(57.40000000000003,28.599999999999987)
(3,1):(64.20000000000003,28.599999999999987)
(4,1):(71.00000000000003,28.599999999999987)
(5,1):(77.80000000000003,28.599999999999987)
(5,0):(77.80000000000003,22.399999999999988)
(6,0):(87.80000000000003,22.399999999999988)
(7,0):(94.60000000000002,22.399999999999988)
(7,-1):(94.60000000000002,16.19999999999999)
(8,-1):(101.40000000000002,16.19999999999999)
(9,-1):(108.20000000000002,16.19999999999999)
(9,-2):(108.20000000000002,9.99999999999999)
(10,-2):(118.20000000000002,9.99999999999999)
(11,-2):(125.00000000000001,9.99999999999999)
(11,-3):(125.00000000000001,3.799999999999989)
(12,-3):(131.8,3.799999999999989)
(13,-3):(138.60000000000002,3.799999999999989)
(14,-3):(148.60000000000002,3.799999999999989)
(14,-2):(148.60000000000002,9.99999999999999)
(13,-2):(138.60000000000002,9.99999999999999)
(12,-2):(131.8,9.99999999999999)
(12,-1):(131.8,16.19999999999999)
(11,-1):(125.00000000000001,16.19999999999999)
(10,-1):(118.20000000000002,16.19999999999999)
(10,0):(118.20000000000002,22.399999999999988)
(9,0):(108.20000000000002,22.399999999999988)
(8,0):(101.40000000000002,22.399999999999988)
(8,1):(101.40000000000002,28.599999999999987)
(7,1):(94.60000000000002,28.599999999999987)
(6,1):(87.80000000000003,28.599999999999987)
(6,2):(87.80000000000003,38.999999999999986)
(5,2):(77.80000000000003,38.999999999999986)
(4,2):(71.00000000000003,38.999999999999986)
(3,2):(64.20000000000003,38.999999999999986)
(3,3):(64.20000000000003,45.19999999999999)
(2,3):(57.400000000000034,45.19999999999999)
(1,3):(47.400000000000034,45.19999999999999)
(0,3):(40.60000000000004,45.19999999999999)
(-1,3):(33.80000000000004,45.19999999999999)
(-2,3):(27.00000000000004,45.19999999999999)
(-3,3):(17.00000000000004,45.19999999999999)
(-4,3):(10.200000000000038,45.19999999999999)
(-5,3):(3.4000000000000385,45.19999999999999)
(-6,3):(-3.3999999999999613,45.19999999999999)
(-7,3):(-13.399999999999961,45.19999999999999)
(-8,3):(-20.199999999999964,45.19999999999999)
(-9,3):(-26.999999999999964,45.19999999999999)
(-10,3):(-33.79999999999996,45.19999999999999)
(-11,3):(-43.79999999999996,45.19999999999999)
(-12,3):(-50.59999999999996,45.19999999999999)
(-13,3):(-57.399999999999956,45.19999999999999)
(-14,3):(-64.19999999999996,45.19999999999999)
(-15,3):(-74.19999999999996,45.19999999999999)
(-16,3):(-80.99999999999996,45.19999999999999)
(-17,3):(-87.79999999999995,45.19999999999999)
(-18,3):(-94.59999999999995,45.19999999999999)
(-19,3):(-104.59999999999995,45.19999999999999)
(-20,3):(-111.39999999999995,45.19999999999999)
(-21,3):(-118.19999999999995,45.19999999999999)
(-22,3):(-124.99999999999994,45.19999999999999)
(-23,3):(-134.99999999999994,45.19999999999999)
(-24,3):(-141.79999999999995,45.19999999999999)
(-24,4):(-141.79999999999995,51.39999999999999)
(-23,4):(-134.99999999999994,51.39999999999999)
(-22,4):(-124.99999999999994,51.39999999999999)
(-21,4):(-118.19999999999995,51.39999999999999)
(-20,4):(-111.39999999999995,51.39999999999999)
(-19,4):(-104.59999999999995,51.39999999999999)
(-18,4):(-94.59999999999995,51.39999999999999)
(-17,4):(-87.79999999999995,51.39999999999999)
(-16,4):(-80.99999999999996,51.39999999999999)
(-15,4):(-74.19999999999996,51.39999999999999)
(-14,4):(-64.19999999999996,51.39999999999999)
(-13,4):(-57.39999999999996,51.39999999999999)
(-12,4):(-50.599999999999966,51.39999999999999)
(-11,4):(-43.79999999999997,51.39999999999999)
(-10,4):(-33.79999999999997,51.39999999999999)
(-9,4):(-26.999999999999968,51.39999999999999)
(-8,4):(-20.199999999999967,51.39999999999999)
(-7,4):(-13.399999999999967,51.39999999999999)
(-6,4):(-3.3999999999999666,51.39999999999999)
(-5,4):(3.400000000000033,51.39999999999999)
(-4,4):(10.200000000000035,51.39999999999999)
(-3,4):(17.000000000000036,51.39999999999999)
(-2,4):(27.000000000000036,51.39999999999999)
(-1,4):(33.80000000000003,51.39999999999999)
(0,4):(40.60000000000003,51.39999999999999)
(1,4):(47.40000000000003,51.39999999999999)
(2,4):(57.40000000000003,51.39999999999999)
(3,4):(64.20000000000003,51.39999999999999)
(4,4):(71.00000000000003,51.39999999999999)
(4,3):(71.00000000000003,45.19999999999999)
(5,3):(77.80000000000003,45.19999999999999)
(6,3):(87.80000000000003,45.19999999999999)
(7,3):(94.60000000000002,45.19999999999999)
(7,2):(94.60000000000002,38.999999999999986)
(8,2):(101.40000000000002,38.999999999999986)
(9,2):(108.20000000000002,38.999999999999986)
(9,1):(108.20000000000002,28.599999999999987)
(10,1):(118.20000000000002,28.599999999999987)
(11,1):(125.00000000000001,28.599999999999987)
(11,0):(125.00000000000001,22.399999999999988)
(12,0):(131.8,22.399999999999988)
(13,0):(138.60000000000002,22.399999999999988)
(13,-1):(138.60000000000002,16.19999999999999)
(14,-1):(148.60000000000002,16.19999999999999)
(13,1):(138.60000000000002,28.599999999999987)
(12,1):(131.8,28.599999999999987)
(12,2):(131.8,38.999999999999986)
(11,2):(125.00000000000001,38.999999999999986)
(10,2):(118.20000000000002,38.999999999999986)
(10,3):(118.20000000000002,45.19999999999999)
(9,3):(108.20000000000002,45.19999999999999)
(8,3):(101.40000000000002,45.19999999999999)
(8,4):(101.40000000000002,51.39999999999999)
(7,4):(94.60000000000002,51.39999999999999)
(6,4):(87.80000000000003,51.39999999999999)
(5,4):(77.80000000000003,51.39999999999999)
(5,5):(77.80000000000003,57.599999999999994)
(4,5):(71.00000000000003,57.599999999999994)
(3,5):(64.20000000000003,57.599999999999994)
(2,5):(57.400000000000034,57.599999999999994)
(1,5):(47.400000000000034,57.599999999999994)
(0,5):(40.60000000000004,57.599999999999994)
(-1,5):(33.80000000000004,57.599999999999994)
(-2,5):(27.00000000000004,57.599999999999994)
(-3,5):(17.00000000000004,57.599999999999994)
(-4,5):(10.200000000000038,57.599999999999994)
(-5,5):(3.4000000000000385,57.599999999999994)
(-6,5):(-3.3999999999999613,57.599999999999994)
(-7,5):(-13.399999999999961,57.599999999999994)
(-8,5):(-20.199999999999964,57.599999999999994)
(-9,5):(-26.999999999999964,57.599999999999994)
(-10,5):(-33.79999999999996,57.599999999999994)
(-11,5):(-43.79999999999996,57.599999999999994)
(-12,5):(-50.59999999999996,57.599999999999994)
(-13,5):(-57.399999999999956,57.599999999999994)
(-14,5):(-64.19999999999996,57.599999999999994)
(-15,5):(-74.19999999999996,57.599999999999994)
(-16,5):(-80.99999999999996,57.599999999999994)
(-17,5):(-87.79999999999995,57.599999999999994)
(-18,5):(-94.59999999999995,57.599999999999994)
(-19,5):(-104.59999999999995,57.599999999999994)
(-20,5):(-111.39999999999995,57.599999999999994)
(-21,5):(-118.19999999999995,57.599999999999994)
(-22,5):(-124.99999999999994,57.599999999999994)
(-23,5):(-134.99999999999994,57.599999999999994)
(-24,5):(-141.79999999999995,57.599999999999994)
(-23,6):(-134.99999999999994,63.8)
(-22,6):(-124.99999999999994,63.8)
(-21,6):(-118.19999999999995,63.8)
(-20,6):(-111.39999999999995,63.8)
(-19,6):(-104.59999999999995,63.8)
(-18,6):(-94.59999999999995,63.8)
(-17,6):(-87.79999999999995,63.8)
(-16,6):(-80.99999999999996,63.8)
(-15,6):(-74.19999999999996,63.8)
(-14,6):(-64.19999999999996,63.8)
(-13,6):(-57.39999999999996,63.8)
(-12,6):(-50.599999999999966,63.8)
(-11,6):(-43.79999999999997,63.8)
(-10,6):(-33.79999999999997,63.8)
(-9,6):(-26.999999999999968,63.8)
(-8,6):(-20.199999999999967,63.8)
(-7,6):(-13.399999999999967,63.8)
(-6,6):(-3.3999999999999666,63.8)
(-5,6):(3.400000000000033,63.8)
(-4,6):(10.200000000000035,63.8)
(-3,6):(17.000000000000036,63.8)
(-2,6):(27.000000000000036,63.8)
(-1,6):(33.80000000000003,63.8)
(0,6):(40.60000000000003,63.8)
(1,6):(47.40000000000003,63.8)
(2,6):(57.40000000000003,63.8)
(3,6):(64.20000000000003,63.8)
(4,6):(71.00000000000003,63.8)
(5,6):(77.80000000000003,63.8)
(6,6):(87.80000000000003,63.8)
(6,5):(87.80000000000003,57.599999999999994)
(7,5):(94.60000000000002,57.599999999999994)
(8,5):(101.40000000000002,57.599999999999994)
(9,5):(108.20000000000002,57.599999999999994)
(9,4):(108.20000000000002,51.39999999999999)
(10,4):(118.20000000000002,51.39999999999999)
(11,4):(125.00000000000001,51.39999999999999)
(11,3):(125.00000000000001,45.19999999999999)
(12,3):(131.8,45.19999999999999)
(13,3):(138.60000000000002,45.19999999999999)
(13,2):(138.60000000000002,38.999999999999986)
(13,4):(138.60000000000002,51.39999999999999)
(12,4):(131.8,51.39999999999999)
(12,5):(131.8,57.599999999999994)
(11,5):(125.00000000000001,57.599999999999994)
(10,5):(118.20000000000002,57.599999999999994)
(10,6):(118.20000000000002,63.8)
(9,6):(108.20000000000002,63.8)
(8,6):(101.40000000000002,63.8)
(7,6):(94.60000000000002,63.8)
(7,7):(94.60000000000002,70.0)
(6,7):(87.80000000000003,70.0)
(5,7):(77.80000000000003,70.0)
(4,7):(71.00000000000003,70.0)
(3,7):(64.20000000000003,70.0)
(2,7):(57.400000000000034,70.0)
(1,7):(47.400000000000034,70.0)
(0,7):(40.60000000000004,70.0)
(-1,7):(33.80000000000004,70.0)
(-2,7):(27.00000000000004,70.0)
(-3,7):(17.00000000000004,70.0)
(-4,7):(10.200000000000038,70.0)
(-5,7):(3.4000000000000385,70.0)
(-6,7):(-3.3999999999999613,70.0)
(-7,7):(-13.399999999999961,70.0)
(-8,7):(-20.199999999999964,70.0)
(-9,7):(-26.999999999999964,70.0)
(-10,7):(-33.79999999999996,70.0)
(-11,7):(-43.79999999999996,70.0)
(-12,7):(-50.59999999999996,70.0)
(-13,7):(-57.399999999999956,70.0)
(-14,7):(-64.19999999999996,70.0)
(-15,7):(-74.19999999999996,70.0)
(-16,7):(-80.99999999999996,70.0)
(-17,7):(-87.79999999999995,70.0)
(-18,7):(-94.59999999999995,70.0)
(-19,7):(-104.59999999999995,70.0)
(-20,7):(-111.39999999999995,70.0)
(-21,7):(-118.19999999999995,70.0)
(-22,7):(-124.99999999999994,70.0)
(-23,7):(-134.99999999999994,70.0)
(-22,8):(-124.99999999999994,80.4)
(-21,8):(-118.19999999999995,80.4)
(-20,8):(-111.39999999999995,80.4)
(-19,8):(-104.59999999999995,80.4)
(-18,8):(-94.59999999999995,80.4)
(-17,8):(-87.79999999999995,80.4)
(-16,8):(-80.99999999999996,80.4)
(-15,8):(-74.19999999999996,80.4)
(-14,8):(-64.19999999999996,80.4)
(-13,8):(-57.39999999999996,80.4)
(-12,8):(-50.599999999999966,80.4)
(-11,8):(-43.79999999999997,80.4)
(-10,8):(-33.79999999999997,80.4)
(-9,8):(-26.999999999999968,80.4)
(-8,8):(-20.199999999999967,80.4)
(-7,8):(-13.399999999999967,80.4)
(-6,8):(-3.3999999999999666,80.4)
(-5,8):(3.400000000000033,80.4)
(-4,8):(10.200000000000035,80.4)
(-3,8):(17.000000000000036,80.4)
(-2,8):(27.000000000000036,80.4)
(-1,8):(33.80000000000003,80.4)
(0,8):(40.60000000000003,80.4)
(1,8):(47.40000000000003,80.4)
(2,8):(57.40000000000003,80.4)
(3,8):(64.20000000000003,80.4)
(4,8):(71.00000000000003,80.4)
(5,8):(77.80000000000003,80.4)
(6,8):(87.80000000000003,80.4)
(7,8):(94.60000000000002,80.4)
(8,8):(101.40000000000002,80.4)
(8,7):(101.40000000000002,70.0)
(9,7):(108.20000000000002,70.0)
(10,7):(118.20000000000002,70.0)
(11,7):(125.00000000000001,70.0)
(11,6):(125.00000000000001,63.8)
(12,6):(131.8,63.8)
(12,7):(131.8,70.0)
(11,8):(125.00000000000001,80.4)
(10,8):(118.20000000000002,80.4)
(9,8):(108.20000000000002,80.4)
(9,9):(108.20000000000002,86.60000000000001)
(8,9):(101.40000000000002,86.60000000000001)
(7,9):(94.60000000000002,86.60000000000001)
(6,9):(87.80000000000003,86.60000000000001)
(5,9):(77.80000000000003,86.60000000000001)
(4,9):(71.00000000000003,86.60000000000001)
(3,9):(64.20000000000003,86.60000000000001)
(2,9):(57.400000000000034,86.60000000000001)
(1,9):(47.400000000000034,86.60000000000001)
(0,9):(40.60000000000004,86.60000000000001)
(-1,9):(33.80000000000004,86.60000000000001)
(-2,9):(27.00000000000004,86.60000000000001)
(-3,9):(17.00000000000004,86.60000000000001)
(-4,9):(10.200000000000038,86.60000000000001)
(-5,9):(3.4000000000000385,86.60000000000001)
(-6,9):(-3.3999999999999613,86.60000000000001)
(-7,9):(-13.399999999999961,86.60000000000001)
(-8,9):(-20.199999999999964,86.60000000000001)
(-9,9):(-26.999999999999964,86.60000000000001)
(-10,9):(-33.79999999999996,86.60000000000001)
(-11,9):(-43.79999999999996,86.60000000000001)
(-12,9):(-50.59999999999996,86.60000000000001)
(-13,9):(-57.399999999999956,86.60000000000001)
(-14,9):(-64.19999999999996,86.60000000000001)
(-15,9):(-74.19999999999996,86.60000000000001)
(-16,9):(-80.99999999999996,86.60000000000001)
(-17,9):(-87.79999999999995,86.60000000000001)
(-18,9):(-94.59999999999995,86.60000000000001)
(-19,9):(-104.59999999999995,86.60000000000001)
(-20,9):(-111.39999999999995,86.60000000000001)
(-21,9):(-118.19999999999995,86.60000000000001)
(-22,9):(-124.99999999999994,86.60000000000001)
(-21,10):(-118.19999999999995,92.80000000000001)
(-20,10):(-111.39999999999995,92.80000000000001)
(-19,10):(-104.59999999999995,92.80000000000001)
(-18,10):(-94.59999999999995,92.80000000000001)
(-17,10):(-87.79999999999995,92.80000000000001)
(-16,10):(-80.99999999999996,92.80000000000001)
(-15,10):(-74.19999999999996,92.80000000000001)
(-14,10):(-64.19999999999996,92.80000000000001)
(-13,10):(-57.39999999999996,92.80000000000001)
(-12,10):(-50.599999999999966,92.80000000000001)
(-11,10):(-43.79999999999997,92.80000000000001)
(-10,10):(-33.79999999999997,92.80000000000001)
(-9,10):(-26.999999999999968,92.80000000000001)
(-8,10):(-20.199999999999967,92.80000000000001)
(-7,10):(-13.399999999999967,92.80000000000001)
(-6,10):(-3.3999999999999666,92.80000000000001)
(-5,10):(3.400000000000033,92.80000000000001)
(-4,10):(10.200000000000035,92.80000000000001)
(-3,10):(17.000000000000036,92.80000000000001)
(-2,10):(27.000000000000036,92.80000000000001)
(-1,10):(33.80000000000003,92.80000000000001)
(0,10):(40.60000000000003,92.80000000000001)
(1,10):(47.40000000000003,92.80000000000001)
(2,10):(57.40000000000003,92.80000000000001)
(3,10):(64.20000000000003,92.80000000000001)
(4,10):(71.00000000000003,92.80000000000001)
(5,10):(77.80000000000003,92.80000000000001)
(6,10):(87.80000000000003,92.80000000000001)
(7,10):(94.60000000000002,92.80000000000001)
(8,10):(101.40000000000002,92.80000000000001)
(9,10):(108.20000000000002,92.80000000000001)
(9,11):(108.20000000000002,99.00000000000001)
(8,11):(101.40000000000002,99.00000000000001)
(7,11):(94.60000000000002,99.00000000000001)
(6,11):(87.80000000000003,99.00000000000001)
(5,11):(77.80000000000003,99.00000000000001)
(4,11):(71.00000000000003,99.00000000000001)
(3,11):(64.20000000000003,99.00000000000001)
(2,11):(57.400000000000034,99.00000000000001)
(1,11):(47.400000000000034,99.00000000000001)
(0,11):(40.60000000000004,99.00000000000001)
(-1,11):(33.80000000000004,99.00000000000001)
(-2,11):(27.00000000000004,99.00000000000001)
(-3,11):(17.00000000000004,99.00000000000001)
(-4,11):(10.200000000000038,99.00000000000001)
(-5,11):(3.4000000000000385,99.00000000000001)
(-6,11):(-3.3999999999999613,99.00000000000001)
(-7,11):(-13.399999999999961,99.00000000000001)
(-8,11):(-20.199999999999964,99.00000000000001)
(-9,11):(-26.999999999999964,99.00000000000001)
(-10,11):(-33.79999999999996,99.00000000000001)
(-11,11):(-43.79999999999996,99.00000000000001)
(-12,11):(-50.59999999999996,99.00000000000001)
(-13,11):(-57.399999999999956,99.00000000000001)
(-14,11):(-64.19999999999996,99.00000000000001)
(-15,11):(-74.19999999999996,99.00000000000001)
(-16,11):(-80.99999999999996,99.00000000000001)
(-17,11):(-87.79999999999995,99.00000000000001)
(-18,11):(-94.59999999999995,99.00000000000001)
(-19,11):(-104.59999999999995,99.00000000000001)
(-20,11):(-111.39999999999995,99.00000000000001)
(-20,12):(-111.39999999999995,105.20000000000002)
(-19,12):(-104.59999999999995,105.20000000000002)
(-18,12):(-94.59999999999995,105.20000000000002)
(-17,12):(-87.79999999999995,105.20000000000002)
(-16,12):(-80.99999999999996,105.20000000000002)
(-15,12):(-74.19999999999996,105.20000000000002)
(-14,12):(-64.19999999999996,105.20000000000002)
(-13,12):(-57.39999999999996,105.20000000000002)
(-12,12):(-50.599999999999966,105.20000000000002)
(-11,12):(-43.79999999999997,105.20000000000002)
(-10,12):(-33.79999999999997,105.20000000000002)
(-9,12):(-26.999999999999968,105.20000000000002)
(-8,12):(-20.199999999999967,105.20000000000002)
(-7,12):(-13.399999999999967,105.20000000000002)
(-6,12):(-3.3999999999999666,105.20000000000002)
(-5,12):(3.400000000000033,105.20000000000002)
(-4,12):(10.200000000000035,105.20000000000002)
(-3,12):(17.000000000000036,105.20000000000002)
(-2,12):(27.000000000000036,105.20000000000002)
(-1,12):(33.80000000000003,105.20000000000002)
(0,12):(40.60000000000003,105.20000000000002)
(1,12):(47.40000000000003,105.20000000000002)
(2,12):(57.40000000000003,105.20000000000002)
(3,12):(64.20000000000003,105.20000000000002)
(4,12):(71.00000000000003,105.20000000000002)
(5,12):(77.80000000000003,105.20000000000002)
(6,12):(87.80000000000003,105.20000000000002)
(7,12):(94.60000000000002,105.20000000000002)
(8,12):(101.40000000000002,105.20000000000002)
(7,13):(94.60000000000002,111.40000000000002)
(6,13):(87.80000000000003,111.40000000000002)
(5,13):(77.80000000000003,111.40000000000002)
(4,13):(71.00000000000003,111.40000000000002)
(3,13):(64.20000000000003,111.40000000000002)
(2,13):(57.400000000000034,111.40000000000002)
(1,13):(47.400000000000034,111.40000000000002)
(0,13):(40.60000000000004,111.40000000000002)
(-1,13):(33.80000000000004,111.40000000000002)
(-2,13):(27.00000000000004,111.40000000000002)
(-3,13):(17.00000000000004,111.40000000000002)
(-4,13):(10.200000000000038,111.40000000000002)
(-5,13):(3.4000000000000385,111.40000000000002)
(-6,13):(-3.3999999999999613,111.40000000000002)
(-7,13):(-13.399999999999961,111.40000000000002)
(-8,13):(-20.199999999999964,111.40000000000002)
(-9,13):(-26.999999999999964,111.40000000000002)
(-10,13):(-33.79999999999996,111.40000000000002)
(-11,13):(-43.79999999999996,111.40000000000002)
(-12,13):(-50.59999999999996,111.40000000000002)
(-13,13):(-57.399999999999956,111.40000000000002)
(-14,13):(-64.19999999999996,111.40000000000002)
(-15,13):(-74.19999999999996,111.40000000000002)
(-16,13):(-80.99999999999996,111.40000000000002)
(-17,13):(-87.79999999999995,111.40000000000002)
(-18,13):(-94.59999999999995,111.40000000000002)
(-19,13):(-104.59999999999995,111.40000000000002)
(-17,14):(-87.79999999999995,121.80000000000003)
(-16,14):(-80.99999999999996,121.80000000000003)
(-15,14):(-74.19999999999996,121.80000000000003)
(-14,14):(-64.19999999999996,121.80000000000003)
(-13,14):(-57.39999999999996,121.80000000000003)
(-12,14):(-50.599999999999966,121.80000000000003)
(-11,14):(-43.79999999999997,121.80000000000003)
(-10,14):(-33.79999999999997,121.80000000000003)
(-9,14):(-26.999999999999968,121.80000000000003)
(-8,14):(-20.199999999999967,121.80000000000003)
(-7,14):(-13.399999999999967,121.80000000000003)
(-6,14):(-3.3999999999999666,121.80000000000003)
(-5,14):(3.400000000000033,121.80000000000003)
(-4,14):(10.200000000000035,121.80000000000003)
(-3,14):(17.000000000000036,121.80000000000003)
(-2,14):(27.000000000000036,121.80000000000003)
(-1,14):(33.80000000000003,121.80000000000003)
(0,14):(40.60000000000003,121.80000000000003)
(1,14):(47.40000000000003,121.80000000000003)
(2,14):(57.40000000000003,121.80000000000003)
(3,14):(64.20000000000003,121.80000000000003)
(4,14):(71.00000000000003,121.80000000000003)
(5,14):(77.80000000000003,121.80000000000003)
(5,15):(77.80000000000003,128.00000000000003)
(4,15):(71.00000000000003,128.00000000000003)
(3,15):(64.20000000000003,128.00000000000003)
(2,15):(57.400000000000034,128.00000000000003)
(1,15):(47.400000000000034,128.00000000000003)
(0,15):(40.60000000000004,128.00000000000003)
(-1,15):(33.80000000000004,128.00000000000003)
(-2,15):(27.00000000000004,128.00000000000003)
(-3,15):(17.00000000000004,128.00000000000003)
(-4,15):(10.200000000000038,128.00000000000003)
(-5,15):(3.4000000000000385,128.00000000000003)
(-6,15):(-3.3999999999999613,128.00000000000003)
(-7,15):(-13.399999999999961,128.00000000000003)
(-8,15):(-20.199999999999964,128.00000000000003)
(-9,15):(-26.999999999999964,128.00000000000003)
(-10,15):(-33.79999999999996,128.00000000000003)
(-11,15):(-43.79999999999996,128.00000000000003)
(-12,15):(-50.59999999999996,128.00000000000003)
(-13,15):(-57.399999999999956,128.00000000000003)
(-14,15):(-64.19999999999996,128.00000000000003)
(-15,15):(-74.19999999999996,128.00000000000003)
(-16,15):(-80.99999999999996,128.00000000000003)
(-14,16):(-64.19999999999996,134.20000000000002)
(-13,16):(-57.39999999999996,134.20000000000002)
(-12,16):(-50.599999999999966,134.20000000000002)
(-11,16):(-43.79999999999997,134.20000000000002)
(-10,16):(-33.79999999999997,134.20000000000002)
(-9,16):(-26.999999999999968,134.20000000000002)
(-8,16):(-20.199999999999967,134.20000000000002)
(-7,16):(-13.399999999999967,134.20000000000002)
(-6,16):(-3.3999999999999666,134.20000000000002)
(-5,16):(3.400000000000033,134.20000000000002)
(-4,16):(10.200000000000035,134.20000000000002)
(-3,16):(17.000000000000036,134.20000000000002)
(-2,16):(27.000000000000036,134.20000000000002)
(-1,16):(33.80000000000003,134.20000000000002)
(0,16):(40.60000000000003,134.20000000000002)
(1,16):(47.40000000000003,134.20000000000002)
(2,16):(57.40000000000003,134.20000000000002)
(3,16):(64.20000000000003,134.20000000000002)
(1,17):(47.40000000000003,140.4)
(0,17):(40.60000000000003,140.4)
(-1,17):(33.80000000000003,140.4)
(-2,17):(27.000000000000032,140.4)
(-3,17):(17.000000000000032,140.4)
(-4,17):(10.200000000000031,140.4)
(-5,17):(3.4000000000000314,140.4)
(-6,17):(-3.3999999999999684,140.4)
(-7,17):(-13.399999999999968,140.4)
(-8,17):(-20.19999999999997,140.4)
(-9,17):(-26.99999999999997,140.4)
(-10,17):(-33.79999999999997,140.4)
(-11,17):(-43.79999999999997,140.4)
(-12,17):(-50.599999999999966,140.4)
(-13,17):(-57.39999999999996,140.4)
(-10,18):(-33.79999999999997,146.6)
(-9,18):(-26.999999999999968,146.6)
(-8,18):(-20.199999999999967,146.6)
(-7,18):(-13.399999999999967,146.6)
(-6,18):(-3.3999999999999666,146.6)
(-5,18):(3.400000000000033,146.6)
(-4,18):(10.200000000000035,146.6)
(-3,18):(17.000000000000036,146.6)
(-2,18):(27.000000000000036,146.6)
(10,9):(118.20000000000002,86.60000000000001)
