(0,0):(52.0,40.5)
(-1,0):(29.5,40.5)
(-2,0):(4.0,40.5)
(-3,0):(-18.5,40.5)
(-4,0):(-44.0,40.5)
(-5,0):(-66.5,40.5)
(-6,0):(-92.0,40.5)
(-7,0):(-114.5,40.5)
(-8,0):(-140.0,40.5)
(-9,0):(-162.5,40.5)
(-9,-1):(-162.5,12.0)
(-9,-2):(-162.5,-16.5)
(-9,-3):(-162.5,-48.0)
(-8,-3):(-140.0,-48.0)
(-8,-4):(-140.0,-76.5)
(-8,-5):(-140.0,-105.0)
(-7,-5):(-114.5,-105.0)
(-7,-6):(-114.5,-136.5)
(-6,-6):(-92.0,-136.5)
(-5,-6):(-66.5,-136.5)
(-5,-7):(-66.5,-165.0)
(-4,-7):(-44.0,-165.0)
(-3,-7):(-18.5,-165.0)
(-2,-7):(4.0,-165.0)
(-1,-7):(29.5,-165.0)
(0,-7):(52.0,-165.0)
(0,-6):(52.0,-136.5)
(-1,-6):(29.5,-136.5)
(-2,-6):(4.0,-136.5)
(-3,-6):(-18.5,-136.5)
(-4,-6):(-44.0,-136.5)
(-4,-5):(-44.0,-105.0)
(-5,-5):(-66.5,-105.0)
(-6,-5):(-92.0,-105.0)
(-6,-4):(-92.0,-76.5)
(-7,-4):(-114.5,-76.5)
(-7,-3):(-114.5,-48.0)
(-6,-3):(-92.0,-48.0)
(-5,-3):(-66.5,-48.0)
(-5,-4):(-66.5,-76.5)
(-4,-4):(-44.0,-76.5)
(-3,-4):(-18.5,-76.5)
(-3,-5):(-18.5,-105.0)
(-2,-5):(4.0,-105.0)
(-1,-5):(29.5,-105.0)
(0,-5):(52.0,-105.0)
(1,-5):(77.5,-105.0)
(1,-6):(77.5,-136.5)
(2,-6):(100.0,-136.5)
(2,-5):(100.0,-105.0)
(3,-5):(125.5,-105.0)
(3,-4):(125.5,-76.5)
(2,-4):(100.0,-76.5)
(1,-4):(77.5,-76.5)
(0,-4):(52.0,-76.5)
(-1,-4):(29.5,-76.5)
(-2,-4):(4.0,-76.5)
(-2,-3):(4.0,-48.0)
(-3,-3):(-18.5,-48.0)
(-4,-3):(-44.0,-48.0)
(-4,-2):(-44.0,-16.5)
(-5,-2):(-66.5,-16.5)
(-6,-2):(-92.0,-16.5)
(-7,-2):(-114.5,-16.5)
(-8,-2):(-140.0,-16.5)
(-8,-1):(-140.0,12.0)
(-7,-1):(-114.5,12.0)
(-6,-1):(-92.0,12.0)
(-5,-1):(-66.5,12.0)
(-4,-1):(-44.0,12.0)
(-3,-1):(-18.5,12.0)
(-3,-2):(-18.5,-16.5)
(-2,-2):(4.0,-16.5)
(-1,-2):(29.5,-16.5)
(-1,-3):(29.5,-48.0)
(0,-3):(52.0,-48.0)
(1,-3):(77.5,-48.0)
(2,-3):(100.0,-48.0)
(3,-3):(125.5,-48.0)
(4,-3):(148.0,-48.0)
(4,-2):(148.0,-16.5)
(3,-2):(125.5,-16.5)
(2,-2):(100.0,-16.5)
(1,-2):(77.5,-16.5)
(0,-2):(52.0,-16.5)
(0,-1):(52.0,12.0)
(-1,-1):(29.5,12.0)
(-2,-1):(4.0,12.0)
(1,-1):(77.5,12.0)
(2,-1):(100.0,12.0)
(3,-1):(125.5,12.0)
(4,-1):(148.0,12.0)
(3,0):(125.5,40.5)
(2,0):(100.0,40.5)
(1,0):(77.5,40.5)
(1,1):(77.5,72.0)
(0,1):(52.0,72.0)
(-1,1):(29.5,72.0)
(-2,1):(4.0,72.0)
(-3,1):(-18.5,72.0)
(-4,1):(-44.0,72.0)
(-5,1):(-66.5,72.0)
(-6,1):(-92.0,72.0)
(-7,1):(-114.5,72.0)
(-8,1):(-140.0,72.0)
(-7,2):(-114.5,100.5)
(-6,2):(-92.0,100.5)
(-5,2):(-66.5,100.5)
(-4,2):(-44.0,100.5)
(-3,2):(-18.5,100.5)
(-2,2):(4.0,100.5)
(-1,2):(29.5,100.5)
(0,2):(52.0,100.5)
(1,2):(77.5,100.5)
(2,2):(100.0,100.5)
(2,1):(100.0,72.0)
(3,1):(125.5,72.0)
(0,3):(52.0,129.0)
(-1,3):(29.5,129.0)
(-2,3):(4.0,129.0)
(-3,3):(-18.5,129.0)
(-4,3):(-44.0,129.0)
(-5,3):(-66.5,129.0)
(-6,3):(-92.0,129.0)
