(-2,0):(-60.0,-31.0)
(-2,0):(-60.0,-15.0)
(-2,0):(-68.0,-23.0)
(-1,-1):(-38.0,-61.0)
(-1,-1):(-54.0,-45.0)
(-1,-1):(-38.0,-45.0)
(-1,-1):(-46.0,-53.0)
(0,-2):(-27.0,-68.0)
(0,-2):(-11.0,-68.0)
(1,-2):(-5.0,-68.0)
(1,-2):(11.0,-68.0)
(2,-2):(22.0,-68.0)
(3,-1):(44.0,-45.0)
(3,-1):(52.0,-53.0)
(4,0):(71.0,-15.0)
(4,1):(71.0,-8.0)
(4,1):(71.0,8.0)
(-2,1):(-60.0,-8.0)
(-2,1):(-60.0,8.0)
(-2,1):(-68.0,0.0)
(-2,2):(-60.0,15.0)
(-2,2):(-60.0,31.0)
(-2,2):(-68.0,23.0)
(4,2):(71.0,15.0)
(3,3):(44.0,38.0)
(3,3):(60.0,38.0)
(3,3):(44.0,54.0)
(3,3):(52.0,46.0)
(-1,3):(-54.0,38.0)
(-1,3):(-38.0,38.0)
(-1,3):(-38.0,54.0)
(-1,3):(-46.0,46.0)
(-2,3):(-60.0,38.0)
(0,4):(-27.0,68.0)
(0,4):(-11.0,68.0)
(1,4):(-5.0,68.0)
(1,4):(11.0,68.0)
(2,4):(22.0,68.0)
